1330 512 1380 471
1404 519 1380 471
1330 512 1219 527
1404 519 1468 535
1429 552 1404 519
1524 498 1468 535
1429 552 1425 589
572 1248 226 1176
407 1273 572 1248
300 1429 407 1273
1615 560 1555 599
281 778 319 927
1674 576 1615 560
1674 576 1732 619
319 927 296 1060
764 1137 572 1248
1767 632 1732 619
1829 469 1886 471
640 754 529 747
1895 597 1851 525
597 661 529 747
1756 331 1775 360
1775 360 1849 366
764 1137 829 1172
1633 420 1582 413
1711 455 1633 420
1800 471 1711 455
1800 471 1829 469
207 659 327 714
327 714 281 778
327 714 525 710
529 747 525 710
1093 424 1038 420
1165 356 1174 416
640 754 720 858
640 754 498 830
636 585 597 661
1919 684 1831 657
1097 659 1071 700
1112 1027 1244 863
2086 815 2028 949
1244 863 1301 774
764 1137 640 1118
1052 815 949 764
998 821 1052 815
1052 815 1147 828
834 784 809 861
834 784 877 737
856 857 809 861
665 887 720 858
720 858 809 861
782 906 809 861
809 861 865 962
873 1056 865 962
655 1005 729 953
590 896 665 887
590 896 578 962
655 1005 578 962
640 1118 655 1005
1851 729 1785 690
1851 729 1880 776
1785 690 1767 632
1932 776 1880 776
1868 815 1880 776
1833 737 1868 815
1932 776 2014 735
2115 704 2014 735
2014 735 2086 815
2185 768 2115 704
2022 684 2115 704
2185 768 2288 717
2028 949 2107 962
1728 1005 1868 815
1728 1005 1536 1017
1417 1044 1536 1017
2022 684 2134 615
1616 817 1536 1017
2261 853 2185 768
1975 661 1919 684
2022 684 1919 684
1985 593 1907 609
1895 597 1907 609
1985 593 2022 684
1979 459 2045 457
2045 457 2027 387
2084 488 2045 457
2084 488 2113 420
1985 593 2177 558
1390 239 1326 206
1390 239 1398 187
1476 257 1390 239
1476 257 1512 144
1546 212 1649 207
1546 212 1553 253
1685 195 1649 207
1685 195 1641 160
1728 162 1685 195
1728 162 1759 214
1718 255 1685 195
1718 255 1668 313
1911 207 1835 240
1911 207 1946 261
2032 282 2010 218
1977 331 2032 282
1891 315 1829 323
1977 331 1891 315
1553 253 1512 144
1946 261 1977 331
1829 323 1756 331
1979 459 1872 409
1872 409 1849 366
1668 313 1756 331
784 688 877 737
877 737 949 764
1301 774 1483 694
1270 626 1219 527
1829 469 1872 409
1851 525 1829 469
844 630 784 688
844 630 964 589
1038 601 964 589
943 483 1046 508
865 469 943 483
916 401 865 469
1038 420 1046 508
1046 508 1110 515
1038 601 1046 508
1174 416 1196 467
1110 515 1196 467
1196 467 1219 527
1038 601 1097 659
1219 527 1190 566
1215 694 1215 626
1215 626 1270 626
1301 774 1215 694
865 469 809 511
1100 298 1089 331
1100 298 1155 276
1089 331 1165 356
1196 467 1270 416
1582 413 1553 342
1456 434 1443 375
1509 426 1456 434
1582 413 1509 426
1452 467 1456 434
1380 471 1452 467