1330 512 1380 471
1404 519 1380 471
1330 512 1219 527
1468 535 1404 519
1429 552 1404 519
1524 498 1468 535
1425 589 1429 552
407 1273 572 1248
572 1248 226 1176
300 1429 407 1273
1555 599 1615 560
319 927 281 778
1674 576 1615 560
1732 619 1674 576
319 927 296 1060
572 1248 764 1137
1732 619 1767 632
1886 471 1829 469
529 747 640 754
1851 525 1895 597
529 747 597 661
1775 360 1756 331
829 1172 764 1137
1849 366 1775 360
1582 413 1633 420
1711 455 1633 420
1800 471 1711 455
1829 469 1800 471
327 714 207 659
281 778 327 714
525 710 327 714
525 710 529 747
1093 424 1038 420
1174 416 1165 356
720 858 640 754
640 754 498 830
597 661 636 585
1919 684 1831 657
1071 700 1097 659
1112 1027 1244 863
2086 815 2028 949
1301 774 1244 863
764 1137 640 1118
1052 815 949 764
998 821 1052 815
1147 828 1052 815
809 861 834 784
877 737 834 784
856 857 809 861
720 858 665 887
720 858 809 861
782 906 809 861
865 962 809 861
865 962 873 1056
729 953 655 1005
590 896 665 887
578 962 590 896
578 962 655 1005
655 1005 640 1118
1785 690 1851 729
1880 776 1851 729
1785 690 1767 632
1880 776 1932 776
1880 776 1868 815
1833 737 1868 815
2014 735 1932 776
2115 704 2014 735
2086 815 2014 735
2185 768 2115 704
2022 684 2115 704
2185 768 2288 717
2028 949 2107 962
1728 1005 1868 815
1728 1005 1536 1017
1417 1044 1536 1017
2022 684 2134 615
1536 1017 1616 817
2185 768 2261 853
1975 661 1919 684
2022 684 1919 684
1907 609 1985 593
1895 597 1907 609
2022 684 1985 593
2045 457 1979 459
2027 387 2045 457
2084 488 2045 457
2113 420 2084 488
1985 593 2177 558
1390 239 1326 206
1390 239 1398 187
1476 257 1390 239
1512 144 1476 257
1546 212 1649 207
1546 212 1553 253
1649 207 1685 195
1685 195 1641 160
1685 195 1728 162
1728 162 1759 214
1685 195 1718 255
1718 255 1668 313
1911 207 1835 240
1911 207 1946 261
2032 282 2010 218
2032 282 1977 331
1891 315 1829 323
1891 315 1977 331
1512 144 1553 253
1977 331 1946 261
1829 323 1756 331
1979 459 1872 409
1872 409 1849 366
1756 331 1668 313
877 737 784 688
877 737 949 764
1483 694 1301 774
1219 527 1270 626
1829 469 1872 409
1851 525 1829 469
844 630 784 688
964 589 844 630
964 589 1038 601
943 483 1046 508
943 483 865 469
916 401 865 469
1038 420 1046 508
1110 515 1046 508
1038 601 1046 508
1196 467 1174 416
1110 515 1196 467
1196 467 1219 527
1038 601 1097 659
1190 566 1219 527
1215 626 1215 694
1270 626 1215 626
1215 694 1301 774
865 469 809 511
1100 298 1089 331
1100 298 1155 276
1165 356 1089 331
1270 416 1196 467
1582 413 1553 342
1443 375 1456 434
1456 434 1509 426
1582 413 1509 426
1452 467 1456 434
1452 467 1380 471